cust_no	gen_cd	age	mclf_nm	menu_nm	sale_qty	t_5to8	t_8to11	t_11to14	t_14to17	t_17to20	t_20to22	t_22t
1000000978529	F	40	에스프레소 베리에이션	바닐라카페라떼	2.0	0.0	2.0	10.0	19.0	23.0	7.0	0.0
1000000978529	F	40	에스프레소 베리에이션	아메리카노	58.0	0.0	2.0	10.0	19.0	23.0	7.0	0.0
1000000978529	F	40	에스프레소 베리에이션	카페라떼	1.0	0.0	2.0	10.0	19.0	23.0	7.0	0.0
9990003475146	F	40	에스프레소 베리에이션	아메리카노	25.0	0.0	0.0	22.0	4.0	3.0	0.0	0.0
9990003475146	F	40	에스프레소 베리에이션	카페라떼	1.0	0.0	0.0	22.0	4.0	3.0	0.0	0.0
9990003475146	F	40	음료	로얄밀크티쉐이크	1.0	0.0	0.0	22.0	4.0	3.0	0.0	0.0
9990003475146	F	40	티 베리에이션	그나와민트티	1.0	0.0	0.0	22.0	4.0	3.0	0.0	0.0
9990003475146	F	40	티 베리에이션	유자레몬티	1.0	0.0	0.0	22.0	4.0	3.0	0.0	0.0
9990008237792	M	50	에스프레소 베리에이션	바닐라카페라떼	11.0	0.0	28.0	52.0	19.0	0.0	0.0	0.0
9990008237792	M	50	에스프레소 베리에이션	스페니쉬연유카페라떼	2.0	0.0	28.0	52.0	19.0	0.0	0.0	0.0
9990008237792	M	50	에스프레소 베리에이션	아메리카노	55.0	0.0	28.0	52.0	19.0	0.0	0.0	0.0
9990008237792	M	50	에스프레소 베리에이션	카라멜마끼아또	7.0	0.0	28.0	52.0	19.0	0.0	0.0	0.0
9990008237792	M	50	에스프레소 베리에이션	카페라떼	3.0	0.0	28.0	52.0	19.0	0.0	0.0	0.0
9990008237792	M	50	음료	레몬셔벗에이드	1.0	0.0	28.0	52.0	19.0	0.0	0.0	0.0
9990008237792	M	50	음료	망고바나나라떼	1.0	0.0	28.0	52.0	19.0	0.0	0.0	0.0
9990008237792	M	50	음료	바닐라밀크쉐이크	4.0	0.0	28.0	52.0	19.0	0.0	0.0	0.0
9990008237792	M	50	음료	수박주스	1.0	0.0	28.0	52.0	19.0	0.0	0.0	0.0
9990008237792	M	50	음료	쑥라떼	1.0	0.0	28.0	52.0	19.0	0.0	0.0	0.0
9990008237792	M	50	음료	오렌지자몽주스	1.0	0.0	28.0	52.0	19.0	0.0	0.0	0.0
9990008237792	M	50	음료	요거트프라페	1.0	0.0	28.0	52.0	19.0	0.0	0.0	0.0
9990008237792	M	50	음료	자몽에이드	1.0	0.0	28.0	52.0	19.0	0.0	0.0	0.0
9990008237792	M	50	음료	초코밀크쉐이크	1.0	0.0	28.0	52.0	19.0	0.0	0.0	0.0
9990008237792	M	50	음료	커피밀크쉐이크	1.0	0.0	28.0	52.0	19.0	0.0	0.0	0.0
9990008237792	M	50	음료	플레인요거트드링크	3.0	0.0	28.0	52.0	19.0	0.0	0.0	0.0
9990008237792	M	50	티 베리에이션	그린티라떼	1.0	0.0	28.0	52.0	19.0	0.0	0.0	0.0
9990008237792	M	50	티 베리에이션	오렌지자몽티	2.0	0.0	28.0	52.0	19.0	0.0	0.0	0.0
9990008237792	M	50	티 베리에이션	유자레몬티	1.0	0.0	28.0	52.0	19.0	0.0	0.0	0.0
9990008237792	M	50	티 베리에이션	허니레몬티	1.0	0.0	28.0	52.0	19.0	0.0	0.0	0.0
1000000645619	F	20	에스프레소 베리에이션	바닐라카페라떼	14.0	4.0	49.0	76.0	23.0	5.0	3.0	0.0
1000000645619	F	20	에스프레소 베리에이션	스페니쉬연유카페라떼	26.0	4.0	49.0	76.0	23.0	5.0	3.0	0.0
1000000645619	F	20	에스프레소 베리에이션	아메리카노	18.0	4.0	49.0	76.0	23.0	5.0	3.0	0.0
1000000645619	F	20	에스프레소 베리에이션	오늘의커피	29.0	4.0	49.0	76.0	23.0	5.0	3.0	0.0
1000000645619	F	20	에스프레소 베리에이션	카라멜치즈크림라떼	2.0	4.0	49.0	76.0	23.0	5.0	3.0	0.0
1000000645619	F	20	에스프레소 베리에이션	카페라떼	15.0	4.0	49.0	76.0	23.0	5.0	3.0	0.0
1000000645619	F	20	에스프레소 베리에이션	카푸치노	1.0	4.0	49.0	76.0	23.0	5.0	3.0	0.0
1000000645619	F	20	에스프레소 베리에이션	콜드브루	2.0	4.0	49.0	76.0	23.0	5.0	3.0	0.0
1000000645619	F	20	에스프레소 베리에이션	콜드브루라떼	4.0	4.0	49.0	76.0	23.0	5.0	3.0	0.0
1000000645619	F	20	음료	레몬셔벗에이드	6.0	4.0	49.0	76.0	23.0	5.0	3.0	0.0
1000000645619	F	20	음료	로얄밀크티쉐이크	4.0	4.0	49.0	76.0	23.0	5.0	3.0	0.0
1000000645619	F	20	음료	바닐라밀크쉐이크	1.0	4.0	49.0	76.0	23.0	5.0	3.0	0.0
1000000645619	F	20	음료	복숭아에이드	2.0	4.0	49.0	76.0	23.0	5.0	3.0	0.0
1000000645619	F	20	음료	생딸기가득주스	2.0	4.0	49.0	76.0	23.0	5.0	3.0	0.0
1000000645619	F	20	음료	샤인머스캣청포도에이드	3.0	4.0	49.0	76.0	23.0	5.0	3.0	0.0
1000000645619	F	20	음료	스트로베리초콜릿프라페	2.0	4.0	49.0	76.0	23.0	5.0	3.0	0.0
1000000645619	F	20	음료	스트로베리피치프라페	2.0	4.0	49.0	76.0	23.0	5.0	3.0	0.0
1000000645619	F	20	음료	오렌지에이드	3.0	4.0	49.0	76.0	23.0	5.0	3.0	0.0
1000000645619	F	20	음료	자몽에이드	1.0	4.0	49.0	76.0	23.0	5.0	3.0	0.0
1000000645619	F	20	음료	제주말차프라페	2.0	4.0	49.0	76.0	23.0	5.0	3.0	0.0
1000000645619	F	20	음료	초코밀크쉐이크	1.0	4.0	49.0	76.0	23.0	5.0	3.0	0.0
1000000645619	F	20	음료	커피밀크쉐이크	2.0	4.0	49.0	76.0	23.0	5.0	3.0	0.0
1000000645619	F	20	음료	키위바나나주스	2.0	4.0	49.0	76.0	23.0	5.0	3.0	0.0
1000000645619	F	20	음료	펌킨프라페	1.0	4.0	49.0	76.0	23.0	5.0	3.0	0.0
1000000645619	F	20	티 베리에이션	그나와민트티	2.0	4.0	49.0	76.0	23.0	5.0	3.0	0.0
1000000645619	F	20	티 베리에이션	시그니처뱅쇼	1.0	4.0	49.0	76.0	23.0	5.0	3.0	0.0
1000000645619	F	20	티 베리에이션	애플민트티	6.0	4.0	49.0	76.0	23.0	5.0	3.0	0.0
1000000645619	F	20	티 베리에이션	오렌지자몽티	1.0	4.0	49.0	76.0	23.0	5.0	3.0	0.0
1000000645619	F	20	티 베리에이션	카모마일	4.0	4.0	49.0	76.0	23.0	5.0	3.0	0.0
1000000645619	F	20	티 베리에이션	허니레몬아이스티	1.0	4.0	49.0	76.0	23.0	5.0	3.0	0.0
9990021539525	F	20	에스프레소 베리에이션	달고나카페라떼	9.0	0.0	0.0	2.0	18.0	19.0	5.0	0.0
9990021539525	F	20	에스프레소 베리에이션	스페니쉬연유카페라떼	1.0	0.0	0.0	2.0	18.0	19.0	5.0	0.0
9990021539525	F	20	에스프레소 베리에이션	아메리카노	14.0	0.0	0.0	2.0	18.0	19.0	5.0	0.0
9990021539525	F	20	음료	고구마라떼	3.0	0.0	0.0	2.0	18.0	19.0	5.0	0.0
9990021539525	F	20	음료	수박주스	5.0	0.0	0.0	2.0	18.0	19.0	5.0	0.0
9990021539525	F	20	음료	스트로베리라떼	1.0	0.0	0.0	2.0	18.0	19.0	5.0	0.0
9990021539525	F	20	음료	요거트프라페	5.0	0.0	0.0	2.0	18.0	19.0	5.0	0.0
9990021539525	F	20	음료	초코밀크쉐이크	1.0	0.0	0.0	2.0	18.0	19.0	5.0	0.0
9990021539525	F	20	음료	초콜릿라떼	1.0	0.0	0.0	2.0	18.0	19.0	5.0	0.0
9990021539525	F	20	음료	키위바나나주스	1.0	0.0	0.0	2.0	18.0	19.0	5.0	0.0
9990021539525	F	20	티 베리에이션	그나와민트티	1.0	0.0	0.0	2.0	18.0	19.0	5.0	0.0
9990021539525	F	20	티 베리에이션	카모마일	1.0	0.0	0.0	2.0	18.0	19.0	5.0	0.0
9990021539525	F	20	티 베리에이션	허니레몬아이스티	1.0	0.0	0.0	2.0	18.0	19.0	5.0	0.0
1000000366587	M	50	에스프레소 베리에이션	바닐라카페라떼	2.0	0.0	1.0	36.0	7.0	24.0	3.0	0.0
1000000366587	M	50	에스프레소 베리에이션	아메리카노	25.0	0.0	1.0	36.0	7.0	24.0	3.0	0.0
1000000366587	M	50	에스프레소 베리에이션	카라멜마끼아또	1.0	0.0	1.0	36.0	7.0	24.0	3.0	0.0
1000000366587	M	50	에스프레소 베리에이션	카페라떼	2.0	0.0	1.0	36.0	7.0	24.0	3.0	0.0
1000000366587	M	50	음료	망고프라페	1.0	0.0	1.0	36.0	7.0	24.0	3.0	0.0
1000000366587	M	50	음료	모카칩커피프라페	2.0	0.0	1.0	36.0	7.0	24.0	3.0	0.0
1000000366587	M	50	음료	바닐라밀크쉐이크	5.0	0.0	1.0	36.0	7.0	24.0	3.0	0.0
1000000366587	M	50	음료	블루베리요거트드링크	1.0	0.0	1.0	36.0	7.0	24.0	3.0	0.0
1000000366587	M	50	음료	생딸기가득주스	1.0	0.0	1.0	36.0	7.0	24.0	3.0	0.0
1000000366587	M	50	음료	오렌지자몽주스	1.0	0.0	1.0	36.0	7.0	24.0	3.0	0.0
1000000366587	M	50	음료	플레인요거트드링크	1.0	0.0	1.0	36.0	7.0	24.0	3.0	0.0
1000000366587	M	50	티 베리에이션	그나와민트티	1.0	0.0	1.0	36.0	7.0	24.0	3.0	0.0
1000000366587	M	50	티 베리에이션	애플민트티	23.0	0.0	1.0	36.0	7.0	24.0	3.0	0.0
1000000366587	M	50	티 베리에이션	제주유기농녹차	3.0	0.0	1.0	36.0	7.0	24.0	3.0	0.0
1000000366587	M	50	티 베리에이션	허니레몬티	2.0	0.0	1.0	36.0	7.0	24.0	3.0	0.0
9990000689468	F	30	에스프레소 베리에이션	바닐라카페라떼	1.0	0.0	4.0	3.0	9.0	0.0	2.0	0.0
9990000689468	F	30	에스프레소 베리에이션	아메리카노	3.0	0.0	4.0	3.0	9.0	0.0	2.0	0.0
9990000689468	F	30	에스프레소 베리에이션	카페라떼	9.0	0.0	4.0	3.0	9.0	0.0	2.0	0.0
9990000689468	F	30	에스프레소 베리에이션	카페모카	1.0	0.0	4.0	3.0	9.0	0.0	2.0	0.0
9990000689468	F	30	음료	블루베리요거트드링크	1.0	0.0	4.0	3.0	9.0	0.0	2.0	0.0
9990000689468	F	30	음료	수박배주스	1.0	0.0	4.0	3.0	9.0	0.0	2.0	0.0
9990000689468	F	30	티 베리에이션	시그니처뱅쇼	1.0	0.0	4.0	3.0	9.0	0.0	2.0	0.0
9990000689468	F	30	티 베리에이션	유자레몬티	1.0	0.0	4.0	3.0	9.0	0.0	2.0	0.0
9990014525388	M	20	에스프레소 베리에이션	아메리카노	13.0	0.0	1.0	1.0	9.0	8.0	9.0	0.0
9990014525388	M	20	에스프레소 베리에이션	에스프레소	1.0	0.0	1.0	1.0	9.0	8.0	9.0	0.0
9990014525388	M	20	에스프레소 베리에이션	카페라떼	1.0	0.0	1.0	1.0	9.0	8.0	9.0	0.0
9990014525388	M	20	에스프레소 베리에이션	카푸치노	2.0	0.0	1.0	1.0	9.0	8.0	9.0	0.0
9990014525388	M	20	음료	샤인머스캣청포도에이드	2.0	0.0	1.0	1.0	9.0	8.0	9.0	0.0
9990014525388	M	20	음료	스트로베리초콜릿프라페	4.0	0.0	1.0	1.0	9.0	8.0	9.0	0.0
